删除社交网络影响力_改预训练 13
0.027911355735805332
0.020683661645422936
0.0413429642425121
0.06282832383847206
0.04392256331313092
0.04911281301190387
0.013476893297846603
0.010234696346479557
0.04257020099023486
0.06523571933080764
0.03198075999352645
0.039771678774490504
直接使用输出层作为表征 22
0.018583429895712624
0.013405272305909622
0.02624968982605632
0.03788563628612352
0.028858837656010446
0.031317639423339
0.008347447374788288
0.006169852407452216
0.025273386451707285
0.03700822123275547
0.020339294125345207
0.024545392304783652
将拼接操作改为相加 21
0.0276071842410197
0.02081402085747393
0.04204879700556884
0.06357261826551698
0.043690640078945964
0.04924760272768069
0.013428502298572466
0.010162109847568351
0.04375865216053941
0.06649006221350766
0.032101589964470996
0.03987322746757402
每次将混合的user输出作为下一层的输入
0.026260139049826194
0.01979287369640787
0.03920359281491061
0.0596083316563957
0.041646884271831885
0.0466894007215264
0.012363900314541501
0.009363658359545127
0.039735469520129574
0.059838097891569964
0.030692190067166777
0.03757037321355169
