loop 5.0
0.1980861244019139
0.13981924508240298
0.2035570534168827
0.28568217542626373
0.2594309793378647
0.2871291104404336
0.05833333333333333
0.041666666666666664
0.25093482905982906
0.3087339743589744
0.17175501443143637
0.18784407664837777
loop 0.0
0.19611908559276986
0.1375863902179692
0.20111050374905734
0.2809994906076301
0.2546166150525555
0.28159724873227887
0.05833333333333333
0.0375
0.25093482905982906
0.28851495726495724
0.1739090891176832
0.18594786040000055
loop 0.5
0.19702286018075496
0.13785220627325892
0.20197135062266328
0.2815412659550428
0.2563658351337707
0.2830895591033467
0.0625
0.0375
0.27176816239316237
0.28851495726495724
0.17572783725734784
0.183112023058963
loop 1.0
0.19702286018075493
0.13801169590643275
0.20212202723337377
0.2824313810068991
0.25689309341943206
0.28383261551989997
0.05833333333333333
0.035416666666666666
0.25093482905982906
0.2833066239316239
0.1743479643719541
0.18424650271781684
loop 1.5
0.19659755449229127
0.1383838383838384
0.2015698006397736
0.28322528328108
0.2570587508634419
0.2846403782276487
0.05833333333333333
0.03333333333333333
0.25093482905982906
0.27497329059829057
0.17513287856444512
0.18228827050318064
loop 2.0
0.19580010632642209
0.1389686337054758
0.2010595787327583
0.284050313347522
0.25706209196371854
0.28558995984327423
0.05833333333333333
0.0375
0.25093482905982906
0.28851495726495724
0.1716240489388453
0.18218423158156694
loop 2.5
0.19457735247208932
0.13737373737373737
0.19891065657257803
0.28091382687856636
0.25327984465472025
0.2810462541418992
0.05833333333333333
0.0375
0.25093482905982906
0.28851495726495724
0.1674531131895064
0.18155933523453696
loop 3.0
0.1953216374269006
0.1374534821903243
0.19979061821364597
0.2806549533635243
0.25350342692542904
0.28066006658139386
0.05416666666666667
0.0375
0.24772970085470084
0.28851495726495724
0.16662924152645697
0.18086879496121058
loop 3.5
0.19510898458266882
0.13700159489633174
0.19959505354439705
0.27935224837027617
0.252969730212253
0.2805648116850839
0.05416666666666667
0.035416666666666666
0.24772970085470084
0.2833066239316239
0.16564201605475254
0.1786484823816319
loop 4.0
0.19585326953748006
0.1384635832004253
0.2006678046966461
0.2828705195221507
0.2567564924421277
0.28493767125677166
0.05833333333333333
0.0375
0.25093482905982906
0.29163995726495723
0.17286415241461536
0.18367367295063594
loop 4.5
0.19606592238171186
0.1381446039340776
0.2008206526166392
0.2819021161141855
0.2569126268114145
0.28493005921238995
0.05833333333333333
0.035416666666666666
0.25093482905982906
0.2833066239316239
0.17331631138688733
0.18361333305522667
loop 5.0
0.1980861244019139
0.13981924508240298
0.2035570534168827
0.28568217542626373
0.2594309793378647
0.2871291104404336
0.05833333333333333
0.041666666666666664
0.25093482905982906
0.3087339743589744
0.17175501443143637
0.18784407664837777
loop_auto -47.7635
0.15077086656034025
0.108160552897395
0.1539648820888791
0.21957010782589367
0.1947715034167808
0.2182549629722258
0.029166666666666664
0.024999999999999998
0.13341346153846154
0.16012286324786326
0.10820366937705354
0.12068939973085491
loop 5.5
0.017809675704412546
0
0.018509517527952657
0
0.02166913742542612
0
0
0
0
0
0
0
loop 5.5
0.19282296650717703
0.13657628920786816
0.19764327976717064
0.2786898988067633
0.252558413781011
0.2804174732732302
0.05416666666666667
0.0375
0.23010149572649571
0.29163995726495723
0.1598279422048462
0.17827342614900754
loop 6.0
0.19340776182881445
0.1368686868686869
0.19766364500620454
0.2794191749397629
0.25236600781881047
0.2804647397895923
0.05416666666666667
0.0375
0.23010149572649571
0.29163995726495723
0.160037706658151
0.18019422990792786
loop 6.5
0.1934077618288145
0.13710792131844762
0.19823308244002888
0.27985590572174185
0.2524276334104265
0.2806768117606552
0.05416666666666667
0.0375
0.23010149572649571
0.29163995726495723
0.15978831153856957
0.18005275712927502
loop 7.0
0.1955874534821903
0.13787878787878785
0.20027598394027057
0.28161522923380955
0.2564569435807051
0.28426252170534183
0.05833333333333333
0.041666666666666664
0.25093482905982906
0.3087339743589744
0.17175501443143637
0.18651077091238455
loop 7.5
0.19580010632642209
0.1378522062732589
0.20060353975028256
0.28147828041265016
0.25639937605811236
0.28417940676395975
0.05833333333333333
0.041666666666666664
0.25093482905982906
0.3087339743589744
0.17103381600083697
0.18657300049604086
loop 8.0
0.19606592238171183
0.13777246145667196
0.2008287507035168
0.28118487956103566
0.2565034344167735
0.28395111674117707
0.05833333333333333
0.041666666666666664
0.25093482905982906
0.3087339743589744
0.1702666345713948
0.18869081218499728
loop 8.5
0.19473684210526315
0.13771929824561405
0.1993136287487861
0.28105153042449665
0.2562388880156086
0.28404329174623516
0.05833333333333333
0.041666666666666664
0.25093482905982906
0.3087339743589744
0.16488867041555946
0.18890635141794565
loop 9.0
0.19468367889420524
0.1371610845295056
0.19927849587347862
0.27973217216030305
0.2561355831492028
0.2836351672428265
0.05833333333333333
0.041666666666666664
0.25093482905982906
0.3087339743589744
0.16502104535232565
0.18898516482869832
loop 9.5
0.19468367889420524
0.13708133971291867
0.19916566788983728
0.2794759719838477
0.25594189513419674
0.2833484106003512
0.05833333333333333
0.041666666666666664
0.25093482905982906
0.3087339743589744
0.1656202677511236
0.18887285678333052
loop 10.0
0.19574694311536417
0.13801169590643275
0.20056992351822273
0.28186237669809744
0.25589061899838467
0.28326056523942683
0.05833333333333333
0.041666666666666664
0.25093482905982906
0.3087339743589744
0.1671134951196733
0.18887285678333052
删除BPR损失 11
0.18851674641148328
0.13219032429558747
0.19217922744834764
0.2699829407523919
0.24205985791258655
0.2689374149768518
0.041666666666666664
0.029166666666666664
0.19911858974358973
0.2578792735042735
0.13674799908919757
0.16071048237780564
删除GOR损失 12
0.19611908559276986
0.1375863902179692
0.20111050374905734
0.2809994906076301
0.2546166150525555
0.28159724873227887
0.05833333333333333
0.0375
0.25093482905982906
0.28851495726495724
0.1739090891176832
0.18594786040000055
6层神经网络层 19
0.19144072301967044
0.13500797448165872
0.19555030901156736
0.27497393811572335
0.2502687867861438
0.27722156794179703
0.049999999999999996
0.03333333333333333
0.18843482905982903
0.26247329059829055
0.1422382690212354
0.16410206991644175
5层神经网络层 18
0.1926634768740032
0.13697501329080275
0.19649174849937978
0.2787913614777248
0.25256124375005773
0.28094693383927605
0.049999999999999996
0.03125
0.1828792735042735
0.25926816239316236
0.1481697013819466
0.16938428730669955
4层神经网络层 17
0.1944710260499734
0.13811802232854864
0.19890360131495619
0.28169180702492064
0.2542723985108945
0.2827511198214202
0.049999999999999996
0.0375
0.22689636752136752
0.30413995726495724
0.15646175230917353
0.18098508691668
2层神经网络层 15
0.19548112706007448
0.13761297182349816
0.20079386204195482
0.2814178729664655
0.2544843249109505
0.2817348769162841
0.05416666666666667
0.035416666666666666
0.23704594017094016
0.2833066239316239
0.16545650425207534
0.18114339523727488
1层神经网络层 14
0.1915470494417863
0.13370547581073897
0.1963116376979631
0.2733725136331533
0.24779082316071727
0.27383591756090353
0.04583333333333334
0.035416666666666666
0.21613247863247861
0.2676816239316239
0.14376046536647105
0.16695613613927884
item加权加激活 20
0.19096225412014886
0.1351143009037746
0.19483811622577482
0.27542408276764224
0.24403769421819863
0.2723251038207824
0.05833333333333333
0.035416666666666666
0.2277510683760684
0.2708066239316239
0.16863970705717288
0.18193337157231262
将拼接操作改为相加 21
0.19308878256246675
0.13694843168527376
0.19736399614720876
0.2793608470431491
0.25235810434817946
0.2809500768387171
0.04583333333333334
0.035416666666666666
0.21300747863247863
0.28843482905982903
0.15008992817598082
0.1736021069732613
直接使用输出层作为表征 22
0.06671982987772462
0.050903774587985125
0.06904713240827769
0.10438082604870248
0.08863514511684137
0.10268995650907538
0.020833333333333332
0.014583333333333332
0.109375
0.13341346153846154
0.07339491105662008
0.0810477628461957
删除社交网络影响力_改预训练 13
0.1961722488038278
0.13878256246677304
0.2006860959629438
0.283219001232627
0.25759906115828646
0.2850630971503242
0.05833333333333333
0.03958333333333333
0.25093482905982906
0.3073450854700855
0.1710022099008386
0.18895088425147868
